50.0 50.0

15
-25.0 -18.0 -12.0 -21.0
-2.0 -25.0 -5.0 -15.0
5.0 -25.0 2.0 -15.0
18.0 -25.0 15.0 -5.0
-18.0 -10.0 -21.0 10.0
-9.0 -9.0 9.0 -12.0
9.0 -9.0 12.0 12.5
20.0 3.0 25.0 0.0
-9.0 12.0 -2.0 9.0
2.0 12.0 9.5 9.0
-25.0 20.0 -17.5 17.0
-18.0 15.0 -21.0 20.5
-11.0 19.0 20.5 16.0
15.0 7.0 12.0 19.0
20.0 15.5 23.0 19.5


5
path 
2
-12.0 -13.0
10.0 -13.0
path
2
12.0 -4.0
12.0 -25.0
path
2
-23.0 13.0
-10.0 13.0
path
2
0.0 15.0
0.0 3.0
path
4
15.0 5.0
23.0 5.0
23.0 23.0
15.0 23.0

2
0.0 0.0
22.0 -22.0

6
0.0 -23.0
22.0 -20.0
-4.0 0.0
4.0 0.0
17.5 17.0
-21.0 18.0

-23.0 -23.0

-23.0 23.0
