70 70

19
-35.0 -28.0 -18.0 -25.0 0
-13.0 -35.0 -16.0 -10.0 0
-13.0 -28.0 -5.0 -25.0 0
10.0 -35.0 13.0 0.0 0

-35.0 26.0 -18.0 23.0 0
-18.0 18.0 -15.0 26.5 0
-26.5 0.0 -23.5 20.0 0
-18.0 0.0 -15.0 10.0 0

-18.0 0.0 -2.0 -3.0 0
5 0.0 10.5 -3.0 0
17.0 -25.0 20.0 10.0 0
17.0 -10.0 25.0 -13.0 0

25.0 10.0 35.0 7.0 0
-10.0 10.0 17.5 7.0 0
-10.0 10.0 -7.0 27.0 0
-3.0 10.0 0.0 18.0 0

-10.0 27.0 5.0 24.0 0
5.0 18.0 8.0 27.5 0

26.0 20.0 29.0 35.0 0

7
random
-32.0 -23.0 -15.0 -2.0
random
-13.0 -23.0 9.0 -5.0
random
5 15 25 32
path
5
-30 22
-30 -3
-22 -3
-22 22
-30 22
path
3
-13 20
-13 5
-3 5
path
3
-1 5
14 5
14 -20
path
7
22 -13
22 -30
15 -30
26 -30
32 -25
32 -13
22 -13


1
15 25

4
32.0 32.0
30.0 -30.0
-10 -30
-6 15

-31 -31
-31 31