70 70

18
25.0 -25.0 35.0 -28.0 0
25.0 -35.0 28.0 -25.0 0
15.0 -15.0 35.0 -18.0 0
15.0 -35.0 18.0 -15.0 0

15.0  -5.0 35.0 20.0 1
-10.0 -5.0 0.0 35.0 1
-35.0 15.0 -20.0 10.0 1
-20.0 17.0 -10.0 14.0 0

-5.0 -35.0 -10.0 -15.0 1
-5.0 -25.0 15.0 -23.0 0
-0.5 -15 -3.5 -35 0
23.0 25.0 25.0 35.0 0

-35.0 -20.0 -14.5 -25.0 1
-15.0 -18.0 -5.0 -21.0 0
-22.0 -35.0 -25.0 -29.0 0
-22.0 -26.0 -25.0 -20.0 0

-29.0 -35.0 -26.0 -20.0 0
-15.0 -35.0 -12.0 -20.0 0

4
path
2
-15 33
-15 23
path
2
32 23
29 23
path
2
33 -20
20 -20
path
2
20 -33
20 -20



3
8 0
8 10
-22 -27.5

3
32.0 32.0
8 -31.0
-32 -28

31 -31
-31 31

