80 60

20
-40.0 22.0 -27.0 24.0 0

-22.0 15.0 -17.0 30.0 1
-35.0 15.0 -22.0 19.0 1
-35.0 8.0 -31.0 15.0 1

-13.0 25.6 16.0 27.6 0
16.0 20.0 35.0 26.0 1
16.0 10.0 20.0 20.0 1

-10.0 -7.0 -6.0 9.0 1
-6.0 5.0 8.0 9.0 1
-6.0 -7.0 8.0 -3.0 1

-36.0 -26.0 -34.0 4.0 0
-36.0 -26.0 -27.5 -24.0 0

-30.0 -21.0 -26.0 4.0 1

-22.0 -26.0 -15.0 -15.0 1
-15.0 -26.0 20.0 -24.0 0

-8.0 -20.0 8.0 -14.0 1

35.6 -4.0 37.6 15.0 0
24.0 -26.0 28.0 -4.0 1
28.0 -26.0 36.0 -22.0 1
32.0 -26.0 36.0 -4.0 1

14
path
5
-38.75 20
-37.25 20
-37.25 -10
-38.75 -10
-38.75 20

path
5
-38.75 -3
-37.25 -3
-37.25 -28
-38.75 -28
-38.75 -3

path
5
-32 -27.25
5 -27.25
5 -28.75
-32 -28.75
-32 -27.25

path
7
7 -27.25
37.25 -27.25
37.25 -12
38.75 -12
38.75 -28.75
7 -28.75
7 -27.25

path
5
37.25 16
38.75 16
38.75 -7
37.25 -7
37.25 16

path
5
-14 28.75
35 28.75
35 27.25
-14 27.25
-14 28.75

path
6
26 18
22 14
22 0
33 0
33 18
26 18

path
5
25 -5
12 -5
12 -15
25 -15
25 -5

path
5
-12 -11
12 -11
12 -23
-12 -23
-12 -11

random
-25 -12 -12 12
random
-25 -12 -12 12

random
-15 10 13 22
random
-15 10 13 22

random
10 -23 22 7

3
-19 0
0 17
15 -7.7

8
-28 12
-38 -28
-20 -12.7
30 -20
22 18
15 -10
0 -22
-2 15

-38 28
-4 1